0,526.599456,636.090432,787.292256,1041.902224,516.171744,324.128048,598.724464,1381.67184,647.38712,1518.101072,1691.027296,351.066304,1379.064912,197.257552,288.500032,481.412704,660.42176,1858.739664,464.033184,661.290736,822.051296,501.399152,352.804256,504.875056,578.738016,475.329872,1896.105632,1643.233616,513.564816,419.715408,706.477488,601.331392,581.344944,517.04072,185.960864,309.355456,1887.415872,1102.730544,234.62352,760.354,375.397632,369.3148,457.081376,1817.897792,746.450384,1650.185424,387.563296,447.52264,116.442784,604.807296,1850.91888,1339.092016,661.290736,2968.422016,278.941296,473.59192,1838.753216,585.689824,448.391616,1667.564944,3912.129952,713.429296,1731.869168,1028.867584,1344.305872,618.710912,645.649168,556.14464,393.646128,784.685328,511.826864,1597.177888,0,614.366032,0,1114.027232,0,417.977456,740.367552,225.064784,375.397632,0,0,826.396176,0,650.863024,186.82984,265.906656,672.587424,385.825344,689.097968,132.084352,0,458.819328,0,131.215376,263.299728,0,834.21696,1140.096512,678.670256,296.320816,0,559.620544,132.953328,677.80128,0,892.438352,0,489.233488,1389.492624,664.76664,0,1164.42784,166.843392,603.069344,0,537.896144,0,550.061808,490.97144,1133.144704,390.170224,1425.12064,0,690.83592,275.465392,236.361472,601.331392,829.003104,1366.030272,0,0,1174.855552,194.650624,0,142.512064,620.448864,985.418784,92.111456,315.438288,318.045216,0,0,305.879552,0,0,0,0,0,0,217.244,463.164208,304.1416,1599.784816,0,127.739472,441.439808,491.840416,0,478.805776,680.408208,0,0,441.439808,1129.6688,0,262.430752,0,0,0,310.224432,0,0,0,124.263568,0,0,0,761.222976,327.603952,0,0,214.637072,0,197.257552,0,434.488,0,0,503.137104,0,697.787728,0,437.094928,846.382624,0,389.301248,0,0,0,0,0,0,534.42024,0,0,0,1423.382688,477.067824,0,0,0,0,0,0,0,0,397.122032,0,0,0,0,0,0,561.358496,287.631056,0,0,0,698.656704,0,0,0,384.956368,346.721424,0,0,0,0,0,0,0,0,0,0,0,126.870496,0,589.165728,0,0,0,0,0,0,0,0,206.816288,0,0,0,72.125008,0,148.594896,0,0,0,376.266608,0,237.230448,0,260.6928,0,209.423216,206.816288,0,0,0,0,0,320.652144,0,338.031664,68.649104,232.016592,0,0,0,0,0,0,0,0,0,219.850928,0,0,180.747008,0,0,0
526.599456,0,696.918752,290.237984,771.650688,203.340384,229.409664,803.8028,1086.22,624.793744,1315.629664,1515.494144,873.32088,1251.32544,520.516624,426.667216,274.596416,643.04224,1604.129696,511.826864,636.959408,752.533216,539.634096,879.403712,1027.129632,589.165728,531.813312,1495.507696,1497.245648,0,224.195808,849.858528,350.197328,58.221392,1040.164272,355.411184,561.358496,1511.149264,971.515168,750.795264,905.472992,153.808752,727.332912,358.887088,1547.646256,680.408208,0,257.216896,973.25312,507.481984,0,1595.439936,1248.718512,602.200368,2472.23672,248.527136,994.108544,1589.357104,508.35096,623.055792,1499.852576,3687.065168,361.494016,1452.058896,791.637136,1800.518272,411.025648,259.823824,119.049712,479.674752,737.760624,453.605472,1248.718512,1507.67336,93.849408,693.442848,1074.054336,3636.66456,557.882592,628.269648,660.42176,208.55424,0,1301.726048,732.546768,1435.548352,458.819328,671.718448,512.69584,150.332848,0,527.468432,412.7636,0,298.058768,955.8736,443.17776,280.679248,0,663.028688,875.927808,510.957888,588.296752,0,193.781648,501.399152,641.304288,0,782.0784,0,380.611488,1838.753216,139.03616,0,876.796784,578.738016,170.319296,0,516.171744,0,120.787664,112.96688,880.272688,703.87056,1030.605536,0,0,0,689.966944,568.310304,401.466912,1009.750112,0,404.942816,939.363056,0,0,0,549.192832,0,435.356976,361.494016,0,0,484.019632,695.1808,0,155.546704,0,0,0,194.650624,690.83592,100.801216,237.230448,1174.855552,1051.46096,0,0,72.993984,0,636.959408,0,185.091888,0,136.429232,895.914256,0,676.063328,1157.476032,676.932304,0,461.426256,151.201824,0,0,0,106.015072,921.11456,824.658224,0,0,0,192.912672,0,0,0,0,0,0,0,0,0,0,0,0,0,0,0,0,263.299728,0,0,0,232.885568,0,0,0,0,0,185.091888,0,0,0,0,0,0,0,0,0,0,0,117.31176,0,0,0,0,0,0,0,0,0,0,0,186.82984,0,0,0,0,0,0,0,0,0,0,0,0,0,0,0,0,0,0,0,0,0,0,0,0,0,0,0,0,0,127.739472,0,0,0,0,0,0,0,0,0,0,0,0,0,0,0,0,0,0,0,0,0,0,0,0,0,0,0,0,0,0,0,0,0,0,0,0,0,0
636.090432,696.918752,0,740.367552,557.013616,856.810336,705.608512,194.650624,859.417264,1192.235072,916.76968,1073.18536,855.94136,754.271168,813.361536,375.397632,887.224496,1208.745616,1272.180864,1018.439872,1207.007664,1356.471536,1057.543792,807.278704,972.384144,1131.406752,1035.819392,1442.50016,1017.570896,0,477.9368,165.10544,399.72896,741.236528,974.122096,548.323856,921.983536,1403.39624,494.447344,798.588944,214.637072,661.290736,389.301248,928.066368,1243.504656,1278.263696,1032.343488,804.671776,883.748592,518.778672,214.637072,1265.229056,706.477488,152.0708,2643.424992,636.959408,958.480528,1249.587488,205.947312,1054.067888,1047.11608,3288.205184,506.613008,1168.77272,514.433792,1881.33304,1053.198912,542.241024,809.016656,264.168704,0,243.31328,0,0,713.429296,0,478.805776,3224.769936,1005.405232,0,857.679312,748.188336,1140.965488,0,0,978.466976,1100.123616,803.8028,868.107024,0,0,1160.951936,670.849472,1069.709456,0,670.849472,523.992528,682.14616,0,0,626.531696,285.024128,354.542208,0,871.582928,749.057312,0,0,0,1142.70344,316.307264,0,0,0,668.242544,801.195872,595.24856,0,1069.709456,0,600.462416,583.951872,0,332.817808,0,0,0,0,524.861504,0,0,908.948896,245.051232,0,627.400672,0,271.120512,0,0,0,603.93832,0,0,0,0,434.488,0,0,268.513584,0,0,0,555.275664,599.59344,557.882592,0,0,0,0,0,0,165.10544,0,0,0,746.450384,589.165728,0,468.378064,0,0,0,0,0,0,0,0,0,0,0,307.617504,0,0,0,0,0,0,0,247.65816,0,0,197.257552,0,116.442784,0,305.010576,407.549744,0,254.609968,0,0,0,0,0,0,0,0,0,0,0,0,137.298208,0,0,0,0,0,0,0,0,0,142.512064,602.200368,0,0,0,0,0,121.65664,0,0,121.65664,0,344.114496,0,0,0,0,0,0,0,0,0,0,0,0,0,0,0,77.338864,0,0,0,0,0,0,0,0,0,0,0,0,0,0,0,0,0,0,0,0,0,0,0,0,0,0,0,0,0,0,0,0,0,0,0,0,0,0,0,0,378.00456,198.995504,0,98.194288,0,0,0,157.284656,89.504528,0,0,0,0
787.292256,290.237984,740.367552,0,590.90368,458.819328,517.909696,898.521184,862.024192,875.927808,1129.6688,1333.87816,1138.35856,1108.813376,808.14768,608.2832,540.503072,893.307328,1380.802864,789.030208,886.35552,976.729024,813.361536,1134.882656,1292.167312,851.59648,808.14768,1215.697424,1331.271232,303.272624,389.301248,905.472992,341.507568,258.085872,1304.332976,603.93832,851.59648,1239.159776,852.465456,1020.177824,953.266672,437.094928,0,630.876576,1318.236592,912.4248,0,543.978976,1230.470016,0,0,0,1127.930848,603.069344,2188.081568,524.861504,0,1369.506176,534.42024,908.07992,1322.581472,3451.572672,245.051232,0,630.0076,2089.018304,637.828384,201.602432,354.542208,610.021152,970.646192,517.909696,992.370592,0,198.126528,0,0,0,842.90672,850.727504,944.576912,498.792224,0,1021.0468,0,1263.491104,680.408208,948.921792,802.933824,218.981952,0,0,688.228992,0,0,0,0,0,0,857.679312,684.753088,473.59192,0,0,426.667216,0,0,0,987.156736,0,457.950352,0,205.078336,0,672.587424,0,191.17472,0,780.340448,0,238.099424,0,0,0,759.485024,815.968464,0,942.83896,0,0,170.319296,757.747072,0,287.631056,0,0,0,748.188336,0,1037.557344,0,0,0,0,193.781648,0,0,395.38408,0,0,0,325.866,0,0,0,891.569376,770.781712,0,0,357.149136,0,0,0,152.0708,2142.894816,424.060288,0,0,0,880.272688,425.79824,0,0,340.638592,0,0,0,370.183776,649.994048,585.689824,0,0,0,402.335888,0,0,0,0,0,0,0,0,0,0,793.375088,0,0,0,0,0,0,0,0,0,66.042176,0,0,0,0,0,0,0,335.424736,0,0,0,0,0,0,0,0,0,0,0,0,125.132544,0,0,0,0,0,0,0,0,103.408144,0,0,0,0,304.1416,0,0,0,0,0,0,0,0,0,0,0,0,0,0,144.250016,0,0,172.926224,0,0,0,0,240.706352,0,0,0,0,0,0,0,0,0,246.789184,0,0,0,0,0,221.58888,0,0,0,0,0,0,0,0,390.170224,0,165.10544,0,0,0,0,202.471408,0,0,0,0,0,0,0,0
1041.902224,771.650688,557.013616,590.90368,0,975.860048,929.80432,748.188336,339.769616,1394.70648,545.716928,748.188336,1343.436896,522.254576,1162.689888,757.747072,1043.640176,1412.954976,840.299792,1262.622128,1407.74112,1524.183904,1295.643216,1308.677856,1479.866128,1352.995632,1282.608576,889.831424,740.367552,778.602496,669.11152,673.4564,463.164208,778.602496,1485.079984,880.272688,1247.849536,861.155216,303.272624,1257.408272,689.966944,848.989552,922.852512,1120.97904,789.899184,1452.927872,710.822368,1002.798304,1395.575456,941.101008,767.305808,831.610032,554.406688,430.14312,2089.88728,889.831424,1459.010704,823.789248,470.116016,0,735.153696,2923.235264,411.025648,698.656704,62.566272,0,0,511.826864,882.01064,669.980496,0,535.289216,563.965424,0,717.774176,0,489.233488,2870.227728,0,0,0,942.83896,732.546768,726.463936,0,673.4564,1227.863088,0,0,787.292256,0,0,1009.750112,738.6296,1063.626624,184.222912,910.686848,0,833.347984,0,104.27712,364.96992,0,0,0,0,0,2892.821104,0,795.11304,553.537712,0,0,733.415744,122.525616,0,602.200368,2966.684064,0,837.692864,653.469952,689.097968,108.622,866.369072,456.2124,397.991008,0,0,0,0,420.584384,352.804256,0,367.576848,170.319296,0,311.962384,0,0,0,0,1078.399216,0,866.369072,545.716928,0,0,0,0,401.466912,780.340448,896.783232,0,0,0,654.338928,542.241024,0,0,0,0,0,0,0,0,0,132.084352,0,0,590.034704,261.561776,720.381104,0,0,0,0,0,0,395.38408,199.86448,0,0,0,948.921792,0,0,0,0,0,0,217.244,0,271.989488,0,516.171744,0,0,0,0,0,0,0,0,225.93376,0,0,0,0,0,0,0,0,449.260592,0,0,0,0,0,0,0,0,0,0,340.638592,0,0,0,0,0,0,0,0,0,0,0,0,0,0,0,0,0,0,741.236528,0,0,0,0,0,0,0,0,0,0,0,0,0,0,0,0,0,0,0,0,0,0,0,0,0,0,0,0,0,0,0,0,0,0,0,0,0,0,0,0,0,0,0,0,0,0,0,0,0,0,0,0,0,0,0,0,0,0,0,0
516.171744,203.340384,856.810336,458.819328,975.860048,0,198.126528,934.1492,1286.953456,424.060288,1519.839024,1719.703504,831.610032,1452.058896,434.488,530.07536,82.55272,442.308784,1806.601104,332.817808,436.225952,549.192832,355.411184,853.334432,979.335952,393.646128,351.93528,1674.516752,1699.717056,198.126528,381.480464,0,545.716928,205.947312,994.97752,396.253056,435.356976,1697.110128,0,706.477488,1054.936864,200.733456,804.671776,174.664176,0,477.067824,0,134.69128,941.969984,542.241024,0,0,0,781.209424,2593.89336,265.03768,943.707936,0,685.622064,459.688304,0,0,564.8344,0,0,1677.12368,209.423216,463.164208,104.27712,611.759104,534.42024,621.31784,0,0,270.251536,0,0,0,396.253056,424.929264,579.606992,143.38104,0,0,530.07536,0,257.216896,612.62808,399.72896,249.396112,888.093472,324.997024,384.956368,0,115.573808,0,481.412704,256.34792,0,466.640112,0,703.87056,674.325376,0,48.662656,441.439808,438.83288,0,581.344944,0,550.930784,1710.144768,257.216896,0,0,506.613008,373.65968,0,322.390096,0,324.128048,300.665696,0,0,1216.5664,0,0,552.668736,0,369.3148,0,0,0,609.152176,0,0,0,407.549744,346.721424,652.600976,438.83288,244.182256,0,0,0,0,0,64.304224,0,0,0,180.747008,0,0,315.438288,0,0,0,0,135.560256,0,769.04376,417.10848,315.438288,0,111.228928,0,0,0,0,0,0,331.948832,0,0,0,0,98.194288,0,0,0,0,0,86.028624,0,0,0,0,0,0,0,0,0,0,0,0,0,0,0,0,0,0,0,0,414.501552,261.561776,0,0,0,0,0,0,0,0,0,0,0,0,0,0,0,0,0,0,0,470.116016,0,0,0,0,0,0,0,0,0,0,0,0,0,0,211.161168,0,0,0,0,0,0,0,0,0,0,0,0,0,0,0,328.472928,0,0,0,0,0,0,0,0,0,0,288.500032,142.512064,0,0,0,0,0,0,0,0,0,0,307.617504,0,0,0,0,0,0,0,0,0,0,0,0,0,0,0,0,0,0,0,0,0,0,0
324.128048,229.409664,705.608512,517.909696,929.80432,198.126528,0,757.747072,1260.0152,493.578368,1458.141728,1651.0544,657.814832,1363.423344,291.10696,350.197328,191.17472,510.957888,1770.104112,337.162688,508.35096,652.600976,372.790704,671.718448,809.885632,439.701856,357.149136,1707.53784,1620.64024,0,267.644608,833.347984,469.24704,276.334368,823.789248,199.86448,338.90064,1716.2276,1078.399216,533.551264,890.7004,86.028624,609.152176,222.457856,0,574.393136,0,99.93224,763.829904,344.114496,0,0,0,656.945856,2702.51536,72.993984,775.126592,0,561.358496,421.45336,1631.936928,0,533.551264,0,936.756128,0,356.28016,438.83288,232.885568,446.653664,626.531696,488.364512,0,0,324.128048,0,0,0,358.887088,540.503072,431.881072,54.745488,0,0,643.04224,0,399.72896,448.391616,286.76208,360.62504,706.477488,457.950352,197.257552,0,185.960864,0,283.286176,60.82832,0,609.152176,1034.08144,0,482.28168,0,0,275.465392,518.778672,0,703.001584,0,426.667216,0,357.149136,0,0,351.066304,364.96992,0,372.790704,0,0,0,0,602.200368,0,0,0,424.929264,0,436.225952,609.152176,1204.400736,0,0,0,0,0,238.9684,432.750048,786.42328,242.444304,149.463872,617.841936,0,0,0,0,223.326832,0,0,0,343.24552,521.3856,0,148.594896,0,0,0,0,176.402128,0,0,0,0,0,0,0,0,0,0,0,0,244.182256,0,0,0,0,195.5196,0,0,0,433.619024,0,0,531.813312,0,187.698816,0,0,0,0,0,0,0,0,0,0,0,0,0,0,0,0,0,0,331.948832,0,0,0,0,157.284656,0,0,0,0,0,0,0,0,297.189792,0,0,0,0,0,0,0,0,0,0,0,0,0,0,0,0,0,0,0,0,0,0,0,0,0,0,0,0,0,0,0,0,0,0,0,0,0,0,0,0,0,0,0,0,0,0,0,0,0,0,0,0,0,0,0,0,0,106.884048,0,0,0,0,0,0,0,0,0,0,0,0,0,0,0,0,0,0,0,0,0,0,0,0,0
598.724464,803.8028,194.650624,898.521184,748.188336,934.1492,757.747072,0,1038.42632,1215.697424,1061.888672,1198.317904,742.105504,876.796784,793.375088,406.680768,948.052816,1231.338992,1420.77576,1034.950416,1230.470016,1387.754672,1073.18536,683.884112,839.430816,1150.524224,1048.854032,1628.461024,1132.275728,0,579.606992,121.65664,558.751568,855.072384,837.692864,570.917232,905.472992,1585.012224,646.518144,709.953392,165.974416,733.415744,265.03768,970.646192,1398.182384,1309.546832,1159.213984,856.810336,748.188336,488.364512,0,1414.692928,813.361536,343.24552,2837.20664,684.753088,830.741056,1397.313408,372.790704,1043.640176,1169.641696,3391.613328,678.670256,1329.53328,703.001584,1744.034832,0,696.918752,905.472992,324.997024,0,380.611488,0,0,0,187.698816,579.606992,0,1005.405232,0,803.8028,807.278704,0,0,0,1102.730544,0,739.498576,857.679312,0,691.704896,0,669.980496,0,0,0,517.04072,719.512128,0,0,811.623584,470.984992,305.010576,0,0,727.332912,0,0,0,0,0,0,0,0,855.94136,762.960928,0,0,0,0,0,0,0,219.850928,0,0,0,0,424.929264,0,0,0,397.991008,0,805.540752,571.786208,449.260592,724.725984,0,0,596.117536,847.2516,0,0,0,326.734976,0,0,372.790704,0,0,0,457.950352,0,0,0,0,480.543728,0,0,0,166.843392,0,0,0,0,0,256.34792,371.052752,0,0,0,0,0,0,0,713.429296,0,0,0,174.664176,0,0,0,0,0,0,0,165.10544,0,0,0,0,144.250016,0,174.664176,274.596416,0,227.671712,0,0,0,0,0,0,0,0,0,0,0,0,0,0,0,0,0,0,0,0,0,0,64.304224,0,0,0,0,0,0,0,0,0,0,0,261.561776,0,0,0,0,0,0,0,0,0,0,0,0,0,0,0,0,0,0,0,0,0,0,0,0,68.649104,0,267.644608,0,0,0,0,0,0,0,0,0,0,0,0,0,0,0,0,0,0,0,0,110.359952,0,0,0,0,0,0,0,0,0,0,0,0,0,0,0,0,0,0,0,0,0
1381.67184,1086.22,859.417264,862.024192,339.769616,1286.953456,1260.0152,1038.42632,0,1711.013744,318.914192,511.826864,1677.992656,440.570832,1500.721552,0,1360.816416,1728.393264,520.516624,1588.488128,1723.179408,1829.19448,1620.64024,1640.626688,1810.945984,1674.516752,1608.474576,597.855488,543.978976,1094.040784,1005.405232,943.707936,799.45792,1083.613072,0,1220.042304,1585.012224,546.585904,428.405168,0,944.576912,0,1240.897728,1442.50016,461.426256,0,484.019632,1328.664304,0,1279.132672,0,510.957888,522.254576,752.533216,1845.705024,1224.387184,0,507.481984,804.671776,0,510.957888,2600.845168,729.93984,366.707872,357.149136,0,0,829.87208,0,1004.536256,0,873.32088,252.00304,510.957888,0,0,602.200368,2551.313536,0,0,0,0,435.356976,474.460896,0,469.24704,0,0,0,0,0,0,0,497.923248,0,187.698816,0,0,526.599456,0,0,0,0,152.0708,0,0,0,0,0,534.42024,893.307328,0,0,463.164208,218.112976,0,0,0,0,498.792224,0,0,253.740992,0,301.534672,163.367488,0,0,0,0,698.656704,178.14008,646.518144,0,233.754544,0,0,0,0,0,0,0,0,537.027168,752.533216,0,0,0,0,130.3464,456.2124,0,0,0,0,461.426256,402.335888,0,0,0,528.337408,0,0,0,1896.974608,0,270.251536,0,0,378.873536,442.308784,0,0,0,503.137104,551.79976,0,0,337.162688,278.07232,0,0,0,0,0,0,0,0,0,0,294.582864,0,356.28016,0,349.328352,0,0,0,0,0,0,0,0,140.774112,0,0,235.492496,0,0,0,0,0,0,657.814832,0,311.093408,192.043696,0,0,0,0,0,0,259.823824,0,0,0,0,0,0,0,0,0,0,0,0,0,0,0,0,0,0,452.736496,0,0,192.912672,0,0,0,0,0,0,0,0,0,0,0,0,0,0,0,0,0,0,0,0,173.7952,0,0,0,0,0,0,0,0,0,0,0,0,0,0,0,0,400.597936,0,0,0,0,0,0,0,0,544.847952,0,0,0,0,0,0,0,237.230448,508.35096,0
647.38712,624.793744,1192.235072,875.927808,1394.70648,424.060288,493.578368,1215.697424,1711.013744,0,1935.209552,2132.467104,814.230512,1853.525808,458.819328,822.051296,351.066304,0,2228.92344,183.353936,0,174.664176,146.856944,866.369072,924.590464,69.51808,172.926224,2086.411376,2107.2668,617.841936,756.878096,1306.070928,948.921792,630.0076,942.83896,649.125072,361.494016,2114.218608,1568.50168,712.56032,1363.423344,559.620544,1014.094992,277.203344,0,100.801216,0,401.466912,928.066368,737.760624,0,0,1838.753216,1150.524224,0,557.882592,888.962448,2214.150848,1054.936864,246.789184,2114.218608,4311.858912,984.549808,0,0,1397.313408,245.051232,0,525.73048,928.066368,139.03616,981.94288,0,0,694.311824,0,0,0,240.706352,124.263568,545.716928,463.164208,0,0,181.615984,0,213.768096,615.235008,386.69432,657.814832,898.521184,169.45032,548.323856,0,0,0,0,510.088912,0,231.147616,1498.9836,0,915.900704,0,0,516.171744,0,0,247.65816,0,0,1419.906784,0,0,1501.590528,523.123552,0,0,0,0,0,0,0,0,0,0,0,477.9368,0,0,0,0,0,0,1559.81192,0,0,505.744032,0,341.507568,0,0,768.174784,0,0,0,0,0,0,0,0,0,0,0,0,0,0,0,0,0,0,0,0,0,0,0,0,0,0,0,0,0,0,0,0,0,0,0,0,0,0,0,0,0,0,1413.823952,0,190.305744,0,1377.32696,0,0,0,0,0,0,0,0,0,0,0,0,0,0,0,0,0,0,0,0,0,0,0,0,0,0,0,0,0,0,0,0,0,0,0,0,0,0,0,0,0,0,0,0,0,0,0,0,0,0,0,0,0,0,0,0,0,0,0,0,0,0,0,0,0,0,0,0,0,0,0,0,0,0,0,0,0,0,0,0,0,0,0,0,0,0,0,0,0,0,0,0,0,0,0,0,0,0,0,0,0,0,0,0,0,0,0,0,0,0,0,0,0
1518.101072,1315.629664,916.76968,1129.6688,545.716928,1519.839024,1458.141728,1061.888672,318.914192,1935.209552,0,205.078336,1771.842064,221.58888,1664.958016,1230.470016,1585.012224,1953.458048,359.756064,1795.304416,0,2069.031856,1830.063456,1724.048384,1889.153824,1890.891776,1815.290864,752.533216,224.195808,1321.712496,1192.235072,947.18384,989.763664,1323.450448,1890.0228,1379.064912,1760.545376,662.159712,422.322336,1707.53784,928.935344,1381.67184,1303.464,1659.74416,344.983472,1996.037872,171.188272,1538.956496,0,1406.003168,1073.18536,353.673232,317.17624,856.810336,2002.120704,1411.217024,1875.250208,335.424736,935.018176,1871.774304,196.388576,2400.111712,955.004624,299.79672,524.861504,0,1725.786336,0,0,1125.32392,2053.390288,0,450.998544,200.733456,0,0,506.613008,0,0,1943.899312,0,1477.2592,225.064784,700.394656,2047.307456,150.332848,1772.71104,0,0,0,0,0,0,193.781648,1604.129696,0,0,0,325.866,0,0,0,0,0,1505.935408,0,0,0,0,250.265088,0,0,0,194.650624,0,0,0,0,0,521.3856,1195.710976,0,0,0,0,0,1983.003232,0,0,0,0,0,673.4564,0,0,0,658.683808,0,0,0,0,0,0,608.2832,0,0,0,0,690.83592,0,0,0,0,1262.622128,0,0,0,0,0,0,272.858464,0,0,0,0,0,0,0,0,0,0,0,0,0,206.816288,0,0,0,0,0,0,0,0,0,0,0,0,0,0,0,0,0,0,0,0,0,0,0,0,0,0,0,0,0,0,0,0,0,0,0,0,0,0,0,0,0,0,0,0,0,0,0,0,0,0,0,0,0,0,0,0,0,0,0,0,0,0,0,0,0,0,0,0,0,0,0,0,0,0,0,0,0,0,0,0,0,0,0,0,0,0,0,0,0,0,0,0,0,0,0,0,0,0,0,0,0,0,0,0,0,0,0,0,0,0,0,0,0,0,0,0,0,0,0,0,0,0,0,0,0,0,0,0
1691.027296,1515.494144,1073.18536,1333.87816,748.188336,1719.703504,1651.0544,1198.317904,511.826864,2132.467104,205.078336,0,1927.388768,321.52112,1846.574,1406.872144,1783.138752,2150.7156,293.713888,1988.217088,0,2268.896336,2023.845104,1875.250208,2036.010768,2086.411376,2008.203536,829.003104,94.718384,1520.708,1383.409792,1078.399216,1184.414288,1525.921856,2035.141792,1561.549872,1944.768288,723.857008,588.296752,1870.905328,1051.46096,1576.322464,1451.18992,1856.132736,324.128048,2195.902352,0,1733.60712,1944.768288,0,1207.87664,292.844912,391.908176,1031.474512,2037.74872,0,0,267.644608,1114.896208,0,0,2221.102656,0,339.769616,723.857008,2942.352736,0,1257.408272,0,0,0,1191.366096,585.689824,0,0,0,620.448864,2160.274336,0,0,0,0,181.615984,821.18232,0,95.58736,0,0,0,0,0,0,0,0,0,569.17928,0,0,231.147616,0,649.994048,1045.378128,0,0,0,0,0,2175.915904,0,77.338864,0,0,0,94.718384,0,0,0,2272.37224,0,547.45488,0,0,640.435312,0,783.816352,0,0,0,0,0,0,681.277184,0,0,578.738016,0,0,0,0,0,0,0,0,649.994048,0,0,0,0,0,0,0,0,0,0,0,0,0,0,0,0,135.560256,0,0,0,0,0,0,0,0,0,0,0,0,0,205.947312,0,0,0,0,0,0,0,0,0,0,0,0,0,0,0,0,0,0,0,0,0,0,0,0,252.872016,0,0,0,0,0,0,303.272624,0,116.442784,0,0,0,0,0,0,0,0,0,0,0,74.731936,0,0,0,0,0,0,0,0,156.41568,0,0,0,0,0,0,0,0,0,0,0,0,0,0,0,0,0,0,0,0,0,0,0,0,0,0,0,0,0,0,0,0,0,0,0,0,0,0,0,0,0,0,0,0,0,0,0,0,0,0,106.884048,0,0,0,0,0,0,0,0,0,0,0,0,0,0,0,0,0,0,0,0,0,0
351.066304,873.32088,855.94136,1138.35856,1343.436896,831.610032,657.814832,742.105504,1677.992656,814.230512,1771.842064,1927.388768,0,1606.736624,406.680768,594.379584,777.73352,820.313344,2125.515296,658.683808,825.5272,974.122096,683.884112,70.387056,153.808752,748.188336,659.552784,2219.364704,1867.429424,860.28624,765.567856,863.762144,931.542272,927.197392,166.843392,535.289216,464.033184,2201.985184,1349.519728,125.132544,904.604016,720.381104,478.805776,724.725984,0,912.4248,0,696.918752,115.573808,416.239504,737.760624,0,0,928.935344,0,624.793744,122.525616,0,873.32088,569.17928,0,0,1052.329936,0,0,1032.343488,878.534736,0,889.831424,674.325376,931.542272,0,0,0,0,0,0,0,579.606992,932.411248,0,702.132608,0,0,992.370592,0,897.652208,0,464.033184,0,0,915.031728,462.295232,0,748.188336,0,465.771136,598.724464,0,1037.557344,0,0,510.957888,0,878.534736,390.170224,844.644672,0,1054.936864,0,0,0,0,0,0,0,0,0,739.498576,0,901.128112,0,0,0,0,0,843.775696,0,331.079856,0,0,0,0,0,0,198.126528,0,424.060288,0,0,0,0,0,0,0,0,0,0,0,0,0,0,0,813.361536,0,0,0,0,575.262112,0,0,0,859.417264,0,0,0,0,0,0,0,0,0,0,0,0,0,0,0,0,0,0,0,0,0,252.872016,1024.522704,0,0,0,981.073904,0,0,0,0,0,0,0,0,0,0,0,0,0,0,0,0,0,0,0,0,0,0,0,0,0,0,0,0,0,0,0,0,0,0,0,0,232.885568,0,0,0,0,0,0,0,0,0,0,0,0,0,0,0,0,0,0,0,0,0,0,0,0,0,0,0,0,0,0,0,0,0,0,0,0,0,0,0,0,0,0,0,0,0,0,0,0,0,0,0,0,0,0,0,0,0,0,0,0,0,0,0,0,0,0,0,0,0,0,0,0,0,0,0,0
1379.064912,1251.32544,754.271168,1108.813376,522.254576,1452.058896,1363.423344,876.796784,440.570832,1853.525808,221.58888,321.52112,1606.736624,0,1541.563424,1098.385664,1509.411312,1870.905328,565.703376,1700.586032,0,1998.6448,1737.083024,1553.729088,1714.489648,1803.1252,1719.703504,961.956432,264.168704,1254.801344,1096.647712,757.747072,907.210944,1268.70496,1713.620672,1258.277248,1643.233616,876.796784,285.024128,0,732.546768,1293.036288,1129.6688,1576.322464,562.227472,1923.043888,282.4172,1451.18992,0,1264.36008,886.35552,561.358496,95.58736,723.857008,2216.757776,1308.677856,0,539.634096,812.49256,0,293.713888,2534.802992,901.128112,522.254576,478.805776,0,1661.482112,998.453424,0,987.156736,1978.658352,0,638.69736,308.48648,0,0,301.534672,2472.23672,0,0,0,0,428.405168,886.35552,1981.26528,226.802736,0,0,0,0,0,0,0,320.652144,0,380.611488,0,0,519.647648,0,0,756.00912,0,0,0,0,0,2485.27136,0,395.38408,0,0,0,369.3148,0,0,0,2588.679504,0,742.105504,0,0,426.667216,0,0,0,0,0,0,0,0,0,0,0,0,0,0,0,0,0,0,0,0,827.265152,0,0,0,0,0,0,0,0,0,0,0,0,0,0,0,0,442.308784,0,0,0,0,0,0,0,0,0,0,0,0,0,139.03616,0,0,0,0,0,0,0,0,0,0,0,0,0,0,0,305.010576,0,0,0,0,0,0,0,0,0,0,0,0,0,0,0,0,0,0,0,0,0,0,0,0,0,0,0,0,0,265.906656,0,0,0,0,0,0,0,0,0,0,0,0,0,0,0,0,0,0,0,0,0,0,0,0,0,0,0,0,0,0,0,0,0,0,0,0,0,0,0,0,0,0,0,0,0,0,0,0,0,103.408144,0,0,0,0,0,0,0,0,0,0,0,0,0,0,0,0,0,0,0,0,0,0,0,0,337.162688,0,0,0,0,0,0,0
197.257552,520.516624,813.361536,808.14768,1162.689888,434.488,291.10696,793.375088,1500.721552,458.819328,1664.958016,1846.574,406.680768,1541.563424,0,444.915712,373.65968,470.116016,1995.168896,279.810272,472.722944,631.745552,313.700336,440.570832,549.192832,389.301248,287.631056,1980.396304,1804.863152,507.481984,499.6612,896.783232,703.001584,565.703376,564.8344,285.893104,112.96688,1983.003232,0,285.024128,951.52872,371.921728,565.703376,318.045216,1949.982144,559.620544,0,301.534672,521.3856,305.010576,0,0,1507.67336,0,0,291.10696,512.69584,0,0,252.00304,0,0,0,0,0,1280.870624,474.460896,0,507.481984,557.013616,593.510608,0,0,0,0,0,0,0,222.457856,561.358496,145.987968,0,0,0,640.435312,0,497.923248,185.091888,72.125008,0,475.329872,523.992528,0,0,0,0,289.369008,0,0,0,1264.36008,0,0,0,0,0,0,0,705.608512,0,0,1320.84352,644.780192,0,0,0,0,0,358.887088,0,0,0,0,0,0,0,0,135.560256,424.060288,417.10848,0,0,0,0,0,336.293712,0,0,0,0,0,0,361.494016,0,0,0,0,0,0,0,0,0,0,0,0,0,0,0,0,0,0,0,0,0,0,0,0,0,0,0,0,0,0,0,0,0,121.65664,0,0,0,0,160.76056,0,0,0,0,104.27712,0,0,0,0,0,0,0,0,0,0,0,0,0,0,0,0,0,0,0,0,0,0,1357.340512,0,0,0,0,0,0,0,0,0,0,0,0,0,0,0,0,0,102.539168,0,0,0,0,0,0,0,0,165.974416,0,0,0,0,0,0,0,0,0,0,0,0,0,0,0,0,0,0,0,0,0,0,0,0,0,0,0,0,0,0,0,0,0,0,0,0,0,0,0,0,0,0,0,0,0,0,0,0,0,0,0,0,0,0,0,0,0,0,0,0,0,0,0,0,0,0
288.500032,426.667216,375.397632,608.2832,757.747072,530.07536,350.197328,406.680768,0,822.051296,1230.470016,1406.872144,594.379584,1098.385664,444.915712,0,540.503072,0,1570.239632,0,836.823888,989.763664,683.884112,569.17928,739.498576,759.485024,662.159712,1625.854096,1361.685392,0,222.457856,485.757584,341.507568,483.150656,747.31936,173.7952,550.061808,0,0,499.6612,543.11,331.079856,302.403648,566.572352,0,911.555824,0,450.129568,663.028688,183.353936,0,0,0,375.397632,0,278.07232,0,0,297.189792,679.539232,0,0,467.509088,0,742.105504,1618.902288,0,425.79824,513.564816,112.96688,0,224.195808,0,0,486.62656,0,0,0,630.876576,0,511.826864,0,0,0,0,0,0,472.722944,495.31632,0,0,0,297.189792,0,0,0,159.891584,315.438288,0,0,0,393.646128,163.367488,0,0,382.34944,0,0,0,0,212.030144,0,0,0,0,444.046736,0,0,0,0,384.956368,0,0,276.334368,0,0,0,0,307.617504,0,0,0,0,0,0,397.991008,0,0,0,0,235.492496,0,0,0,0,281.548224,0,0,0,0,0,0,322.390096,0,214.637072,0,0,243.31328,0,0,0,247.65816,0,0,0,0,0,0,274.596416,0,0,0,0,0,0,0,0,0,0,0,0,0,0,0,361.494016,0,379.742512,0,0,0,0,216.375024,0,0,0,0,0,0,0,0,0,0,0,0,0,0,0,0,0,0,0,0,0,0,0,0,0,0,0,0,0,0,0,0,0,0,0,0,0,0,0,0,0,0,0,0,0,0,0,0,0,0,0,0,0,0,0,0,0,0,0,0,0,0,0,0,0,0,0,0,0,0,0,0,0,0,0,0,0,0,0,0,0,0,0,0,0,0,0,0,0,0,0,0,0,0,0,0,0,0,0,0,0,0,0,0,0,0,0,0,0,0,0
481.412704,274.596416,887.224496,540.503072,1043.640176,82.55272,191.17472,948.052816,1360.816416,351.066304,1585.012224,1783.138752,777.73352,1509.411312,373.65968,540.503072,0,369.3148,1878.726112,250.265088,364.100944,489.233488,272.858464,805.540752,921.983536,315.438288,269.38256,1756.200496,1760.545376,266.775632,423.191312,1020.177824,603.069344,285.024128,938.49408,389.301248,361.494016,0,1226.125136,654.338928,1078.399216,226.802736,796.850992,0,0,413.632576,0,97.325312,890.7004,524.861504,0,0,0,823.789248,0,264.168704,886.35552,0,727.332912,378.00456,0,0,633.483504,0,0,1598.046864,166.843392,532.682288,186.82984,0,469.24704,0,0,0,349.328352,0,0,0,314.569312,368.445824,517.04072,140.774112,0,0,473.59192,0,212.89912,557.013616,331.079856,0,840.299792,275.465392,350.197328,0,0,0,0,238.9684,0,424.929264,0,0,0,0,0,391.0392,0,0,529.206384,0,0,0,0,0,0,0,0,0,243.31328,0,0,0,0,0,0,0,0,0,0,294.582864,0,0,0,0,0,0,0,0,0,0,0,0,733.415744,0,0,0,0,0,0,0,0,0,0,0,0,0,0,0,0,0,0,0,0,0,0,0,0,0,0,0,0,0,0,0,0,0,0,0,0,0,0,0,0,0,0,0,0,0,0,0,0,0,0,0,0,0,0,0,0,0,0,0,0,0,0,0,0,0,0,0,0,0,0,0,0,0,0,0,0,0,0,0,0,0,0,0,0,0,0,0,0,0,0,0,0,0,0,0,0,0,0,0,0,0,0,0,0,0,0,0,0,0,0,0,0,0,0,0,0,0,0,0,0,0,0,0,0,0,0,0,0,0,0,0,0,0,0,0,0,0,0,0,0,0,0,0,0,0,0,0,0,0,0,0,0,0,0,0,0,0,0,0,0
660.42176,643.04224,1208.745616,893.307328,1412.954976,442.308784,510.957888,1231.338992,1728.393264,0,1953.458048,2150.7156,820.313344,1870.905328,470.116016,0,369.3148,0,2247.171936,197.257552,0,161.629536,159.891584,873.32088,928.935344,81.683744,185.091888,2103.790896,2125.515296,0,775.126592,1321.712496,0,0,947.18384,665.635616,371.052752,2131.598128,0,720.381104,0,577.86904,1027.129632,295.45184,2190.688496,92.111456,2110.742704,419.715408,933.280224,0,1240.897728,2237.6132,1856.132736,0,0,0,893.307328,2232.399344,0,252.00304,0,0,0,0,0,1388.623648,261.561776,0,0,0,125.132544,0,0,2142.02584,0,0,0,0,250.265088,126.00152,553.537712,0,0,0,0,0,228.540688,0,0,0,904.604016,180.747008,0,2142.02584,0,0,0,0,0,231.147616,1516.36312,0,0,0,0,0,0,0,237.230448,0,0,1410.348048,0,0,1519.839024,0,0,0,0,0,0,0,0,0,0,0,0,0,0,0,0,0,0,0,0,0,0,0,0,331.948832,0,0,0,0,0,0,0,0,0,0,0,0,0,0,0,0,0,0,0,0,0,0,0,0,0,0,0,0,0,0,0,0,0,0,0,0,0,0,0,0,0,0,0,0,0,1405.134192,0,172.926224,0,1369.506176,0,0,0,0,0,0,0,0,0,0,0,0,0,0,0,0,0,0,0,0,0,0,0,0,0,0,0,0,0,0,0,0,0,0,0,0,0,0,0,0,0,0,0,0,0,0,0,0,0,0,0,0,0,0,0,0,0,0,0,0,0,0,0,0,0,0,0,0,0,0,0,0,0,0,0,0,0,0,0,0,0,0,0,0,0,0,0,0,0,0,0,0,0,0,0,0,0,0,0,0,0,0,0,0,0,0,0,0,0,0,0,0,0
1858.739664,1604.129696,1272.180864,1380.802864,840.299792,1806.601104,1770.104112,1420.77576,520.516624,2228.92344,359.756064,293.713888,2125.515296,565.703376,1995.168896,1570.239632,1878.726112,2247.171936,0,2102.052944,0,2349.711104,2135.074032,0,0,2190.688496,0,590.034704,388.432272,1611.95048,1508.542336,1306.939904,0,1603.26072,2246.30296,0,0,477.9368,778.602496,0,1287.822432,1689.289344,0,1958.671904,74.731936,0,316.307264,0,0,0,0,0,653.469952,0,1753.593568,0,0,0,0,0,323.259072,2083.804448,0,166.843392,837.692864,0,0,0,0,0,0,0,453.605472,307.617504,0,0,0,2032.534864,0,0,0,0,137.298208,0,0,365.838896,0,0,0,0,0,0,0,283.286176,0,659.552784,0,0,66.911152,0,0,0,0,465.771136,0,0,0,2056.866192,0,227.671712,0,0,0,206.816288,0,0,0,2126.384272,0,285.893104,0,0,736.891648,0,701.263632,588.296752,0,0,0,0,0,0,0,0,0,0,0,0,0,0,0,0,0,391.908176,0,0,0,0,0,0,401.466912,0,0,0,0,733.415744,0,0,0,0,165.974416,0,0,0,0,0,0,0,0,668.242544,0,0,0,0,0,217.244,0,0,0,0,0,0,0,0,0,0,0,0,0,0,0,0,0,0,0,0,0,0,0,67.780128,0,358.018112,172.926224,0,0,0,0,0,187.698816,0,0,0,0,0,0,0,0,0,264.168704,0,0,0,0,0,0,0,0,0,0,0,0,0,273.72744,0,0,0,0,0,0,0,0,274.596416,0,0,0,0,0,0,0,0,0,0,0,0,0,0,0,0,0,0,0,132.953328,0,0,0,0,0,0,0,0,0,0,0,0,0,0,0,0,0,0,0,0,0,0,0,0,0,0,0,0,0,0,0,0,0,0,0,0,0,0,0,0,0
464.033184,511.826864,1018.439872,789.030208,1262.622128,332.817808,337.162688,1034.950416,1588.488128,183.353936,1795.304416,1988.217088,658.683808,1700.586032,279.810272,0,250.265088,197.257552,2102.052944,0,198.126528,358.018112,0,704.739536,782.947376,116.442784,0,2003.858656,1957.802928,501.399152,0,1127.061872,805.540752,0,801.195872,471.853968,194.650624,2022.107152,1414.692928,548.323856,1184.414288,0,829.87208,158.153632,2049.045408,282.4172,0,0,774.257616,554.406688,0,2093.363184,1680.599584,987.156736,0,0,746.450384,2086.411376,0,136.429232,0,0,0,0,0,1365.161296,245.920208,0,0,0,322.390096,0,0,1979.527328,0,0,0,0,0,0,384.087392,319.783168,0,0,362.362992,0,250.265088,448.391616,208.55424,0,0,256.34792,364.96992,1980.396304,0,0,517.909696,0,0,383.218416,0,0,0,0,0,334.55576,0,0,428.405168,0,0,1395.575456,0,0,0,349.328352,0,0,80.814768,0,0,0,0,0,0,0,0,324.128048,0,0,0,0,0,0,0,0,0,0,0,0,0,0,0,0,0,0,0,0,0,0,0,0,0,0,0,0,0,0,0,0,0,0,0,0,0,0,0,0,0,0,0,0,154.677728,570.917232,0,0,0,0,0,0,0,0,0,0,0,0,0,0,0,0,0,0,0,0,0,0,0,0,0,0,0,0,0,0,0,0,0,0,0,0,0,0,0,0,0,0,0,0,0,0,0,0,0,0,0,0,0,0,0,0,0,0,0,0,0,0,0,0,0,0,0,0,0,0,0,0,0,0,0,0,0,0,0,0,0,0,0,0,0,0,0,0,0,0,0,0,0,0,0,0,0,0,0,0,0,0,0,0,0,0,0,0,0,0,0,0,0,0,0,0,0,0,0,0,0,0,0,0,0,0,0,0,0
661.290736,636.959408,1207.007664,886.35552,1407.74112,436.225952,508.35096,1230.470016,1723.179408,0,0,0,825.5272,0,472.722944,836.823888,364.100944,0,0,198.126528,0,159.891584,0,877.66576,934.1492,83.421696,186.82984,0,0,0,771.650688,0,0,641.304288,952.397696,663.897664,374.528656,0,0,723.857008,0,573.52416,1027.998608,291.10696,0,0,0,416.239504,938.49408,752.533216,0,0,0,0,0,572.655184,898.521184,0,0,0,0,0,0,0,0,0,0,895.914256,537.896144,0,0,996.715472,0,0,705.608512,0,0,0,253.740992,0,557.013616,0,0,0,0,0,0,627.400672,400.597936,0,909.817872,0,562.227472,0,344.983472,0,715.167248,524.861504,0,0,1511.149264,0,0,0,461.426256,530.07536,0,0,0,0,0,1419.906784,0,0,1513.756192,536.158192,807.278704,0,0,0,0,0,0,0,0,0,0,489.233488,0,0,0,0,0,0,0,0,0,0,0,0,0,0,778.602496,0,0,0,0,0,0,0,0,569.17928,872.451904,0,0,0,0,0,250.265088,0,0,0,0,0,0,0,0,0,0,0,0,0,0,0,0,0,589.165728,0,0,0,0,0,0,0,0,0,0,0,0,0,0,0,0,0,0,0,0,0,0,0,0,0,0,0,0,0,0,0,0,0,0,0,0,0,0,0,0,0,0,0,0,0,0,0,0,0,0,0,0,0,0,0,0,0,0,829.003104,0,0,0,0,0,0,0,0,0,0,0,0,0,0,0,0,0,0,0,0,0,0,0,0,0,0,0,0,0,0,0,0,0,0,0,0,0,0,0,0,0,0,0,0,0,0,0,0,0,0,0,0,0,0,0,0,0,0,0,0,0,0,0,0,0,0,0
822.051296,752.533216,1356.471536,976.729024,1524.183904,549.192832,652.600976,1387.754672,1829.19448,174.664176,2069.031856,2268.896336,974.122096,1998.6448,631.745552,989.763664,489.233488,161.629536,2349.711104,358.018112,159.891584,0,320.652144,1028.867584,1074.923312,243.31328,346.721424,2168.09512,2248.040912,747.31936,908.948896,1475.521248,0,747.31936,1093.171808,818.575392,531.813312,2204.592112,0,877.66576,0,710.822368,1187.890192,431.012096,0,0,0,556.14464,1085.351024,0,0,2340.152368,0,0,0,720.381104,1040.164272,2335.807488,0,406.680768,0,0,0,0,0,1454.665824,343.24552,0,0,0,0,0,0,2261.075552,0,0,0,0,411.894624,0,710.822368,0,0,0,0,0,0,782.947376,559.620544,0,1060.15072,0,0,0,477.067824,0,0,0,0,157.284656,0,0,0,0,0,0,0,0,0,0,0,1471.176368,0,0,0,0,0,0,0,0,0,0,0,0,0,0,0,641.304288,0,0,0,0,0,0,0,0,0,0,0,174.664176,0,0,0,0,0,0,0,0,0,0,0,0,0,0,0,0,0,0,403.204864,0,0,0,0,0,0,0,0,0,0,0,0,0,0,0,0,0,0,0,0,0,0,0,0,0,0,0,0,79.076816,0,0,0,0,0,0,0,0,0,0,0,0,0,0,0,0,0,0,0,0,0,0,0,0,0,0,0,0,0,0,0,0,0,0,0,0,0,0,0,0,1275.656768,0,0,0,0,0,0,0,0,0,0,0,0,0,0,0,0,0,0,0,0,0,0,0,0,0,0,0,0,0,0,0,0,0,0,0,0,0,0,0,0,0,0,0,0,0,0,0,0,0,0,0,0,0,0,0,0,0,0,0,0,0,0,0,0,0,0,0,0,0,0,0,0,0,0
501.399152,539.634096,1057.543792,813.361536,1295.643216,355.411184,372.790704,1073.18536,1620.64024,146.856944,1830.063456,2023.845104,683.884112,1737.083024,313.700336,683.884112,272.858464,159.891584,2135.074032,0,160.76056,320.652144,0,731.677792,804.671776,78.20784,0,2029.05896,1994.29992,530.944336,640.435312,1166.165792,839.430816,557.013616,822.051296,510.957888,222.457856,0,1451.18992,576.131088,1223.518208,448.391616,868.107024,182.48496,0,245.920208,0,292.844912,799.45792,592.641632,1082.744096,0,0,1025.39168,0,430.14312,768.174784,0,0,139.03616,0,0,0,0,0,1359.94744,244.182256,0,458.819328,792.506112,284.155152,0,0,0,0,0,0,0,0,250.265088,0,352.804256,0,0,326.734976,0,240.706352,477.067824,0,0,764.69888,0,0,0,0,0,0,0,0,354.542208,0,0,771.650688,0,0,0,0,0,392.777152,0,0,0,0,0,0,0,0,0,0,0,0,0,0,0,0,0,191.17472,0,0,0,0,0,0,0,0,0,0,0,0,0,0,0,636.959408,0,0,0,0,0,0,0,0,0,0,0,0,0,0,0,0,0,0,0,0,0,0,0,0,0,0,0,0,0,0,0,0,0,0,0,0,0,0,0,0,0,0,0,0,0,0,0,0,0,0,0,0,0,0,0,0,0,0,0,0,0,0,0,0,0,0,0,0,0,0,0,0,0,0,0,0,0,0,0,0,0,0,0,0,0,0,0,0,0,0,0,0,0,0,0,0,0,0,0,0,0,0,0,0,0,0,0,0,0,0,0,0,0,0,0,0,0,0,0,0,0,0,0,0,0,0,0,0,0,0,0,0,0,0,0,0,0,0,0,0,0,0,0,0,0,0,0,0,0,0,0,0,0,0,0,0,0,0,0,0
352.804256,879.403712,807.278704,1134.882656,1308.677856,853.334432,671.718448,683.884112,1640.626688,866.369072,1724.048384,1875.250208,70.387056,1553.729088,440.570832,569.17928,805.540752,873.32088,0,704.739536,877.66576,1028.867584,731.677792,0,171.188272,799.45792,706.477488,0,0,866.369072,755.140144,806.409728,910.686848,934.1492,177.271104,531.813312,510.088912,0,1301.726048,157.284656,844.644672,727.332912,424.060288,758.616048,0,965.432336,0,720.381104,0,398.859984,678.670256,0,0,0,0,631.745552,151.201824,0,0,623.055792,0,0,0,0,0,1074.923312,915.031728,0,0,0,987.156736,0,0,0,0,0,0,0,0,981.94288,0,719.512128,0,0,1046.247104,0,937.625104,0,0,0,0,0,0,0,776.864544,0,0,0,0,0,0,0,0,0,900.259136,0,896.783232,0,0,0,0,0,0,0,0,0,0,0,0,0,0,0,0,0,0,0,898.521184,0,286.76208,0,0,0,0,0,0,172.926224,0,0,0,0,0,0,0,0,0,372.790704,0,0,0,0,0,0,0,0,0,0,0,0,627.400672,0,0,0,909.817872,0,0,0,0,0,0,0,0,0,0,0,0,0,0,0,0,0,0,0,0,0,0,0,0,0,0,0,0,0,0,0,0,0,0,0,0,0,0,0,0,0,0,0,0,0,0,0,0,0,0,0,0,0,0,0,0,0,0,0,0,0,0,0,0,0,0,0,0,0,0,0,0,0,0,0,0,0,0,0,0,0,0,0,0,0,0,0,0,0,0,0,0,0,0,0,0,0,0,0,0,0,0,0,0,0,0,0,0,0,0,0,0,0,0,0,0,0,0,0,0,0,0,0,0,0,0,0,0,0,0,0,0,0,0,0,0,0,0,0,0
504.875056,1027.129632,972.384144,1292.167312,1479.866128,979.335952,809.885632,839.430816,1810.945984,924.590464,1889.153824,2036.010768,153.808752,1714.489648,549.192832,739.498576,921.983536,928.935344,0,782.947376,934.1492,1074.923312,804.671776,171.188272,0,862.024192,781.209424,0,0,1014.094992,917.638656,960.21848,1079.268192,1080.137168,0,689.097968,590.90368,0,0,276.334368,0,873.32088,585.689824,863.762144,0,1019.308848,0,0,0,0,831.610032,2238.482176,0,0,0,0,0,0,0,0,0,0,0,0,0,908.948896,1013.226016,0,0,0,1032.343488,0,0,2022.107152,0,0,0,0,699.52568,1046.247104,0,0,0,0,1096.647712,0,1027.998608,0,0,0,0,1040.164272,0,0,891.569376,0,0,0,0,0,0,0,0,0,0,0,953.266672,0,0,0,0,0,0,0,0,0,0,0,0,0,0,0,0,0,0,0,948.921792,0,456.2124,0,0,0,0,0,0,341.507568,0,0,0,0,0,0,0,0,0,538.76512,0,0,0,0,0,0,0,0,0,0,0,0,688.228992,0,0,0,971.515168,0,0,0,0,0,0,0,0,0,0,0,0,0,0,0,0,0,0,0,0,0,0,896.783232,0,0,0,0,0,0,0,0,0,0,0,0,0,0,0,0,0,0,0,0,0,0,0,0,0,0,0,0,0,0,0,0,0,0,0,0,0,0,0,0,0,0,0,0,0,0,0,0,0,0,0,0,0,0,0,0,0,0,0,0,0,0,0,0,0,0,0,0,0,0,0,0,0,0,0,0,0,0,0,0,0,0,0,0,0,0,0,0,0,0,0,0,0,0,0,0,0,0,0,0,0,0,0,0,0,0,0,0,0,0,0,0,0,0,0,0,0
578.738016,589.165728,1131.406752,851.59648,1352.995632,393.646128,439.701856,1150.524224,1674.516752,69.51808,1890.891776,2086.411376,748.188336,1803.1252,389.301248,759.485024,315.438288,81.683744,2190.688496,116.442784,83.421696,243.31328,78.20784,799.45792,862.024192,0,103.408144,2066.424928,2058.604144,580.475968,706.477488,1242.63568,0,599.59344,880.272688,586.5588,291.975936,2090.756256,0,643.911216,1299.988096,510.957888,945.445888,232.016592,2135.943008,170.319296,0,352.804256,862.024192,0,1160.08296,0,0,0,0,500.530176,826.396176,0,0,184.222912,0,0,0,0,0,1369.506176,242.444304,0,497.923248,0,206.816288,0,0,0,0,0,0,0,172.057248,184.222912,0,0,0,0,251.134064,0,0,0,0,0,0,198.126528,0,0,0,0,0,0,0,0,0,1047.11608,0,0,0,0,0,0,0,0,0,1394.70648,648.256096,0,0,0,0,0,0,0,0,0,0,0,0,0,0,0,0,0,0,0,0,0,0,0,0,0,90.373504,0,0,0,0,0,0,0,0,0,0,0,0,0,0,0,0,0,0,0,0,0,0,0,0,0,0,0,0,0,0,0,0,0,0,0,0,0,0,0,0,0,0,0,0,0,0,0,0,0,0,0,0,0,0,0,0,0,0,0,0,0,0,0,0,0,0,0,0,0,0,0,0,0,0,0,0,0,0,0,0,0,0,0,0,0,0,0,0,0,0,0,0,0,0,0,0,0,0,0,0,0,0,0,0,0,0,0,0,0,0,0,0,0,0,0,0,0,0,0,0,0,0,0,0,0,0,0,0,0,0,0,0,0,0,0,0,0,0,0,0,0,0,0,0,0,0,0,0,0,0,0,0,0,0,0,0,0,0,0,0,0,0,0,0
475.329872,531.813312,1035.819392,808.14768,1282.608576,351.93528,357.149136,1048.854032,1608.474576,172.926224,1815.290864,2008.203536,659.552784,1719.703504,287.631056,662.159712,269.38256,185.091888,0,0,186.82984,346.721424,0,706.477488,781.209424,103.408144,0,2022.976128,0,0,623.924768,0,0,550.930784,798.588944,488.364512,196.388576,0,0,550.930784,0,433.619024,842.037744,177.271104,0,271.989488,0,280.679248,774.257616,0,0,0,0,0,0,0,744.712432,0,0,0,0,0,0,0,0,0,257.216896,779.471472,455.343424,0,310.224432,836.823888,0,0,614.366032,0,0,0,0,276.334368,0,0,0,0,352.804256,0,0,0,0,0,739.498576,258.954848,0,0,0,0,532.682288,359.756064,0,0,0,0,747.31936,0,0,0,0,0,0,0,0,0,0,0,0,0,0,0,0,0,0,0,0,855.94136,0,0,0,0,0,0,0,0,0,0,0,0,0,0,0,0,0,0,0,0,0,0,0,0,0,0,0,0,0,0,0,0,0,0,0,0,0,0,0,0,0,0,0,0,0,0,0,0,0,0,0,0,0,0,0,0,0,0,0,0,0,0,0,0,0,0,0,0,0,0,0,0,0,0,0,0,0,0,0,0,0,0,0,0,0,0,0,0,0,0,0,0,0,0,0,0,0,0,0,0,0,0,0,0,0,0,0,0,0,0,0,0,0,0,0,0,530.944336,0,0,0,0,0,0,0,0,0,0,0,0,0,0,0,0,0,0,0,0,0,0,0,0,0,0,0,0,0,0,0,0,0,0,0,0,0,0,0,0,0,0,0,0,0,0,0,0,0,0,0,0,0,0,0,0,0,0,0,0,0,0
1896.105632,1495.507696,1442.50016,1215.697424,889.831424,1674.516752,1707.53784,1628.461024,597.855488,2086.411376,752.533216,829.003104,2219.364704,961.956432,1980.396304,1625.854096,1756.200496,2103.790896,590.034704,2003.858656,0,2168.09512,2029.05896,0,0,2066.424928,2022.976128,0,912.4248,1505.935408,1485.94896,1538.08752,1293.905264,1472.045344,2367.090624,1717.965552,0,112.097904,1025.39168,0,0,1621.509216,0,0,525.73048,0,830.741056,0,0,0,0,583.082896,1056.674816,0,1258.277248,0,0,604.807296,0,0,849.858528,2326.248752,0,489.233488,0,0,0,0,0,0,0,0,346.721424,838.56184,0,0,0,2294.09664,0,0,0,0,0,194.650624,0,857.679312,0,0,0,0,0,0,0,814.230512,0,0,0,0,0,0,0,0,0,0,0,0,0,2335.807488,0,0,0,0,0,0,0,0,0,2347.104176,0,0,0,0,0,0,0,0,0,0,0,0,0,0,0,0,0,0,0,0,0,0,0,0,0,0,0,0,789.899184,0,0,0,0,0,0,0,0,0,0,0,0,0,0,0,0,0,1332.140208,0,0,0,0,0,0,0,0,0,0,0,0,0,0,0,0,0,590.90368,0,0,0,0,0,0,0,0,0,0,0,0,0,0,0,0,0,0,0,0,0,0,0,0,748.188336,0,0,0,0,0,0,0,0,0,0,0,0,0,0,0,0,0,0,0,0,0,0,0,0,0,0,0,0,0,0,0,0,0,0,0,0,0,0,0,0,0,0,0,0,0,0,0,0,0,0,0,0,0,0,0,0,0,0,0,0,0,0,0,0,0,0,0,0,0,0,0,0,0,0,0,0,0,0,0,0,0,0,0,0,0,0,0,0,0,0,0,0,0,0,0
